1 0
6 5
10 7
12 2
14 2
17 16
19 18
20 13
21 2
23 18
26 11
28 16
28 17
29 28
29 16
29 17
31 30
32 30
32 31
33 5
33 6
34 30
34 31
34 32
35 1
35 0
35 18
35 4
35 2
35 29
36 7
36 10
37 2
41 2
42 18
42 19
42 8
43 19
43 18
44 2
45 29
47 2
47 12
48 47
48 2
49 2
50 11
50 26
50 20
50 46
51 50
51 11
51 26
52 27
53 52
53 27
54 52
54 53
54 27
55 46
55 50
56 13
57 18
57 39
57 11
58 57
58 27
60 4
61 60
61 4
61 35
61 51
62 60
62 61
62 4
62 35
62 11
63 2
63 44
64 45
64 29
65 58
65 57
66 57
66 18
66 11
66 39
68 25
70 69
71 19
71 18
73 13
73 56
73 67
74 69
74 70
75 35
75 1
75 0
75 18
75 61
75 4
75 62
75 60
76 64
76 29
77 8
78 2
79 2
79 78
79 12
81 2
81 78
81 79
82 72
83 19
83 18
83 42
83 74
83 25
83 9
83 69
83 70
83 33
83 15
83 68
83 73
83 67
83 7
83 10
83 36
83 43
83 71
84 22
84 39
84 58
86 35
86 75
86 61
86 4
86 62
86 82
86 72
86 60
87 18
87 23
87 66
87 57
87 86
87 82
87 72
87 35
87 75
87 61
88 87
88 18
88 23
88 66
88 57
88 86
88 35
88 75
88 61
88 4
88 62
89 87
89 88
89 18
89 23
89 66
89 57
89 86
89 35
89 75
89 1
89 0
89 61
89 4
89 62
89 82
89 72
89 60
90 87
90 88
90 89
90 18
90 23
91 87
91 88
91 89
91 18
91 90
91 23
92 82
92 72
92 2
93 88
93 89
93 87
93 18
93 66
93 57
94 88
94 93
94 89
94 87
94 18
94 66
94 57
95 83
96 38
96 56
97 15
97 83
97 19
97 18
98 85
98 30
98 31
98 34
98 32
99 2
99 37
100 46
100 55
100 50
101 22
101 84
102 27
102 54
102 53
102 52
103 60
103 61
103 62
103 4
103 75
103 89
103 86
104 11
104 26
104 51
104 50
105 58
105 57
105 66
105 88
105 87
105 89
105 93
105 94
105 18
105 65
106 4
106 60
106 103
106 61
106 62
106 75
106 89
106 86
107 61
107 62
107 4
107 60
107 106
107 103
107 86
107 88
107 35
107 89
107 75
108 61
108 107
108 62
108 4
108 60
108 86
108 88
108 35
108 89
108 75
109 68
109 83
110 39
110 66
110 0
110 105
110 58
110 57
110 65
110 84
111 110
111 35
111 89
111 75
111 86
111 88
111 107
111 61
111 108
111 4
111 62
111 87
111 106
111 103
111 60
112 33
112 72
112 82
112 92
112 87
112 86
112 89
113 39
113 84
114 40
115 114
115 40
116 114
116 115
116 40
117 114
117 115
117 116
117 40
117 80
117 54
117 53
117 52
117 102
117 27
118 114
118 115
118 116
118 117
118 40
119 114
119 115
119 116
119 117
119 40
119 118
119 5
119 6
119 59
119 83
119 7
119 10
119 36
119 96
119 38
120 114
120 115
120 116
120 117
120 40
120 118
120 119
121 114
121 115
121 116
121 117
121 40
121 118
121 119
121 120
122 114
122 115
122 116
122 117
122 40
122 118
122 119
122 120
122 121
123 114
123 115
123 116
123 117
123 40
123 118
123 119
123 120
123 121
123 122
124 114
124 115
124 116
124 117
124 40
124 118
124 119
124 120
124 121
124 122
124 123
125 114
125 115
125 116
125 117
125 40
125 118
125 119
125 120
125 121
125 122
125 123
125 124
126 8
126 33
126 112
126 3
127 115
127 114
127 116
127 117
127 119
127 40
127 125
128 87
128 88
128 89
128 18
128 90
128 23
128 91
128 62
128 75
129 87
129 88
129 89
129 128
129 18
129 90
129 23
129 91
130 66
130 57
130 84
131 81
131 2
131 78
132 81
132 131
132 2
132 78
133 0
133 89
133 35
133 75
133 1
133 110
134 55
134 50
134 100
135 24
136 135
136 24
136 85
136 98
136 77
136 8
136 29
136 126
136 3
136 73
136 13
136 56
136 30
136 31
136 34
136 32
137 83
137 9
137 25
138 130
138 66
138 57
139 86
139 87
139 88
139 89
140 89
140 35
140 75
140 1
140 133
140 0
140 111
140 18
140 86
140 88
140 107
140 61
140 108
140 4
140 62
140 60
140 106
140 103
140 87
140 128
141 89
141 35
141 140
141 75
141 1
141 133
141 0
141 111
141 86
141 88
141 107
141 61
141 108
141 4
141 62
141 87
142 89
142 35
142 140
142 141
142 75
142 1
142 133
142 0
142 111
142 86
142 88
142 107
142 61
142 108
142 4
142 62
143 89
143 35
143 140
143 141
143 142
143 75
143 1
143 133
143 0
143 111
143 18
143 86
143 88
143 107
143 61
143 108
143 4
143 62
143 60
143 106
143 103
144 89
144 35
144 140
144 141
144 142
144 75
144 143
144 1
144 133
144 0
144 111
144 18
144 86
144 88
144 107
144 61
144 108
144 4
144 62
144 128
145 119
145 42
146 85
146 136
146 98
147 19
147 18
147 97
147 83
148 119
148 59
148 134
149 100
149 55
149 134
149 50
149 46
150 117
150 80
151 50
151 134
152 9
152 137
152 83
153 22
153 101
153 84
153 39
154 2
154 92
155 46
155 55
155 50
155 100
155 149
156 149
156 100
156 50
156 134
156 55
157 54
157 53
157 117
157 52
157 102
157 27
158 73
158 13
158 56
158 136
159 4
159 60
159 107
159 61
159 62
159 106
159 103
159 89
159 86
159 111
159 75
159 140
160 23
160 101
160 22
160 84
160 153
161 79
161 2
162 73
162 83
163 115
163 114
163 116
163 117
163 119
163 40
163 125
163 127
164 145
164 119
164 5
164 6
165 164
165 145
165 119
165 148
167 101
167 22
167 84
167 153
167 160
167 58
167 105
167 57
167 65
167 110
167 113
167 39
167 130
167 138
167 66
168 101
168 167
168 22
168 84
168 153
168 160
169 165
169 148
169 119
170 74
170 69
170 70
170 83
171 115
171 114
171 116
171 117
171 119
171 40
171 163
171 125
171 127
172 115
172 114
172 171
172 116
172 117
172 119
172 40
172 163
172 125
172 127
173 115
173 114
173 171
173 116
173 117
173 119
173 40
173 172
173 163
173 125
173 127
174 115
174 114
174 171
174 116
174 117
174 119
174 40
174 172
174 173
174 163
174 125
174 127
175 115
175 114
175 171
175 116
175 117
175 119
175 40
175 172
175 173
175 174
175 163
175 125
175 127
176 119
177 2
178 177
178 2
179 177
179 178
179 2
180 177
180 178
180 179
180 2
181 136
181 24
182 98
182 85
182 136
183 136
184 183
184 136
185 33
185 83
186 167
186 58
186 105
186 57
186 65
186 110
186 113
186 39
186 84
187 186
187 167
187 58
187 105
187 57
187 65
187 110
188 186
188 187
188 167
188 58
188 105
188 57
188 65
188 110
189 186
189 187
189 188
189 167
189 58
189 105
189 57
189 65
189 110
190 186
190 187
190 188
190 189
190 167
190 58
190 105
190 57
190 65
190 110
191 2
192 27
192 54
192 53
192 157
192 117
192 52
192 102
193 12
193 2
194 186
194 167
194 113
194 39
194 84
195 194
195 186
195 167
195 113
195 39
195 84
196 194
196 186
196 167
196 113
196 39
196 195
196 84
197 194
197 186
197 167
197 113
197 39
197 195
197 196
197 84
198 165
198 169
198 148
198 119
198 59
199 165
199 198
199 169
199 148
199 119
200 148
200 165
200 119
201 98
201 85
201 182
201 136
202 136
203 202
203 136
204 4
204 106
204 103
204 60
204 159
204 89
204 86
204 111
204 75
204 140
204 107
204 62
205 88
205 87
205 89
205 18
205 23
205 91
206 198
206 148
206 119
206 59
207 4
207 106
207 103
207 60
207 159
207 89
207 86
207 111
207 75
207 140
207 107
207 204
207 62
208 2
210 209
211 209
211 210
212 209
212 210
212 211
213 77
213 136
214 19
214 18
214 43
214 83
215 134
215 50
216 29
217 2
217 21
218 2
218 217
218 21
219 54
219 53
219 157
219 192
219 117
219 52
219 102
219 27
220 54
220 53
220 219
220 157
220 192
220 117
220 52
220 102
220 27
221 54
221 53
221 219
221 157
221 220
221 192
221 117
221 52
221 102
221 27
222 2
223 216
223 29
224 2
224 12
225 50
225 100
225 46
225 155
225 149
225 55
226 29
227 130
227 138
227 167
227 66
227 57
